#Comment starts with a "#" in the first column.
#Each line cannot be longer than 1024 characters.


#=== VERTICES ===

#Number of vertices.
92

#Each line must provide the x, y, z coordinates of a vertex.
#The first vertex has index 0.

#floor (0-3)
559.2 0.0 0.0
0.0 0.0 0.0
0.0 0.0 559.2
559.2 0.0 559.2

#ceiling (4-7)
559.2 548.8 0.0
0.0 548.8   0.0
0.0 548.8 559.2
559.2 548.8 559.2

#light (8-11)
343.0 548.8 227.0
213.0 548.8 227.0
213.0 548.8 332.0
343.0 548.8 332.0

#tall_box_bottom (12-15)
130.0 0.0  265.0
82.0 0.0 425.0
240.0 0.0 472.0
290.0 0.0 314.0

#short_box_bottom (16-19)
423.0 0.0 247.0
265.0 0.0 296.0
314.0 0.0 456.0
472.0 0.0 406.0

#tall_box_top (20-23)
130.0 330.0  265.0
82.0 330.0 425.0
240.0 330.0 472.0
290.0 330.0 314.0

#short_box_top (24-27)
423.0 300.0 247.0
265.0 20.0 296.0
314.0 80.0 456.0
472.0 20.0 406.0

#table_bottom (28-31)
111.752907 166.589996 266.267212
385.738129 166.589996 158.341599
57.790077 166.589996 129.274643
331.775269 166.589996 21.348999

#table_top (32-35)
111.752907 186.221695 266.267212
385.738129 186.221695 158.341599
57.790077 186.221695 129.274643
331.775269 186.221695 21.348999

# object T_LEG (36-43)
104.557846 0.0 248.001541
122.823524 0.0 240.806503
104.557854 166.589996 248.001572
122.823532 166.589996 240.806503
111.752884 0.0 266.267212
130.018585 0.0 259.072205
111.752899 166.589996 266.267212
130.018585 166.589996 259.072205

# object T_LEG (44-58)
57.790077 -29.727016 129.274612
76.055763 -29.727016 122.079575
57.790081 166.589996 129.274643
76.055763 166.589996 122.079590
64.985123 -29.727016 147.540298
83.250801 -29.727016 140.345261
64.985123 166.589996 147.540298
83.250801 166.589996 140.345276
313.509613 -29.727016 28.544037
331.775299 -29.727016 21.348999
313.509613 166.589996 28.544048
331.775299 166.589996 21.349007
320.704651 -29.727016 46.809715
338.970337 -29.727016 39.614677
320.704651 166.589996 46.809723
338.970337 166.589996 39.614685

# object T_LEG (59-66)
360.277374 -29.727016 147.270966
378.543060 -29.727016 140.075912
360.277374 166.589996 147.270981
378.543060 166.589996 140.075928
367.472412 -29.727016 165.536652
385.738098 -29.727016 158.341599
367.472412 166.589996 165.536652
385.738098 166.589996 158.341614

# Lamp top (67-74)
108.498558 192.996857 152.300140
130.115662 192.996857 152.300140
108.498558 192.996857 130.683044
130.115662 192.996857 130.683044
115.498558 221.562317 145.300140
125.115662 221.562317 145.300140
115.498558 221.562317 135.683044
125.115662 221.562317 135.683044

# Lamp bottom (75-83)
105.227264 189.191376 157.645676
134.564774 189.191376 157.645676
105.227264 189.191376 128.308182
134.564774 189.191376 128.308182
105.227264 193.051575 157.645676
134.564774 193.051575 157.645676
105.227264 193.051575 128.308182
134.564774 193.051575 128.308182

#sun1 (84-87)
559.2 290.0 220.0
559.2 290.0 270.0
559.2 170.0 270.0
559.2 170.0 220.0

#sun2 (88-91)
559.2 290.0 290.0
559.2 290.0 340.0
559.2 170.0 340.0
559.2 170.0 290.0

#=== MATERIALS ===

#Number of materials.
7

#Each material is specified by two lines.
#First line is the RGB reflectivity.
#Second line is the RGB emission.
#The first material has index 0.


#light
0.78 0.78 0.78
60.0 60.0 60.0

#white
0.75 0.75 0.75
0.0 0.0 0.0

#red
0.7 0.0 0.0
0.0 0.0 0.0

#green
0.0 0.7 0.0
0.0 0.0 0.0

#blue
0.3 0.3 0.9
0.0 0.0 0.0

#sun
0.98 0.98 0.82
20.0 20.0 8.0

#brown
0.3 0.1 0.1
0.0 0.0 0.0

#=== SURFACES ===

#Number of surfaces.
54

#Each surface is made of one or more quadrilateral patches.
#For each surface, the first integer is the material index,
#the second integer is the number of quadrilateral patches,
#then followed by lines where each corresponds to a 
#quadrilateral patch. Each line has 4 integers, which are
#indices to the above vertices. The vertices must be listed
#in counter-clockwise direction when viewed from its frontside.


#floor (white)
1
1
0 1 2 3

#ceiling (white)
1
4
4 8 9 5
5 9 10 6
6 10 11 7
7 11 8 4

#light (white - light disable)
1
1
8 11 10 9

#back_wall (white)
4
1
0 4 5 1

#left_wall (red)
2
1
1 5 6 2

#right_wall (green)
3
5
0 3 90 87
3 7 89 90
7 4 84 89
4 0 87 84
86 91 88 85
#3 7 4 0

#sun1 (sun)
5
1
87 86 85 84

#sun2 (sun)
5
1
91 90 89 88

#short_block_back (white)
1
1
16 24 27 19

#short_block_left (white)
1
1
17 25 24 16

#short_block_front (white)
1
1
18 26 25 17

#short_block_right (white)
1
1
19 27 26 18

#short_block_top (white)
1
1
24 25 26 27

#table =27
6
1
31 29 28 30

#table
6
1
35 34 32 33

#table
6
1
33 32 28 29

#table
6
1
35 33 29 31

#table
6
1
34 35 31 30

#LEG
6
1
32 34 30 28

#LEG
6
1
36 38 39 37

#LEG
6
1
40 41 43 42

#LEG
6
1
36 37 41 40

#LEG
6
1
37 39 43 41

#LEG
6
1
39 38 42 43

#LEG
6
1
38 36 40 42

#LEG
6
1
44 46 47 45

#LEG
6
1
48 49 51 50

#LEG
6
1
44 45 49 48

#LEG
6
1
45 47 51 49

#LEG
6
1
47 46 50 51

#LEG
6
1
46 44 48 50

#LEG
6
1
52 54 55 53

#LEG
6
1
56 57 59 58

#LEG
6
1
52 53 57 56

#LEG
6
1
53 55 59 57

#LEG
6
1
55 54 58 59

#LEG
6
1
54 52 56 58

#LEG
6
1
60 62 63 61

#LEG
6
1
64 65 67 66

#LEG
6
1
60 61 65 64

#LEG
6
1
61 63 67 65

#LEG
6
1
63 62 66 67

#LEG
6
1
62 60 64 66

#LAMP_top
0
1
71 69 68 70
#LAMP_top
0
1
75 74 72 73
#LAMP_top
0
1
73 72 68 69
#LAMP_top
0
1
75 73 69 71
#LAMP_top
0
1
74 75 71 70
#LAMP_top
0
1
72 74 70 68


#LAMP_b
3
1
79 77 76 78
#LAMP_b
3
1
83 82 80 81
#LAMP_b
3
1
81 80 76 77
#LAMP_b
3
1
83 81 77 79
#LAMP_b
3
1
82 83 79 78
#LAMP_b
3
1
80 82 78 76
#End of file.
